0 2
1 200
2 4
3 201
4 2
5 200
6 14
7 202
8 4
9 203
10 2
11 201
12 16
13 202
14 4
15 204
16 2
17 203
18 14
19 204
20 4
21 205
22 2
23 205
24 10
25 210
26 8
27 40
28 2
29 205
30 14
31 211
32 4
33 205
34 6
35 22
36 18
37 18
38 6
39 42
40 2
41 205
42 4
43 251
44 2
45 200
46 14
47 212
48 4
49 252
50 2
51 201
52 16
53 213
54 4
55 253
56 2
57 203
58 14
59 214
60 4
61 254
62 2
63 204
64 16
65 215
66 4
67 255
68 18
69 18
70 18
71 18
72 18
73 18
74 18
75 18
76 18
77 18
78 18
79 18
80 18
81 18
82 18
83 18
84 18
85 18
86 18
87 18
88 18
89 18
90 18
91 18
92 18
93 18
94 18
95 18
96 18
97 18
98 18
99 18
100 18
101 18
102 18
103 18
104 18
105 18
106 18
107 18
108 18
109 18
110 18
111 18
112 18
113 18
114 18
115 18
116 18
117 18
118 18
119 18
120 18
121 18
122 18
123 18
124 18
125 18
126 18
127 18
128 18
129 18
130 18
131 18
132 18
133 18
134 18
135 18
136 18
137 18
138 18
139 18
140 18
141 18
142 18
143 18
144 18
145 18
146 18
147 18
148 18
149 18
150 18
151 18
152 18
153 18
154 18
155 18
156 18
157 18
158 18
159 18
160 18
161 18
162 18
163 18
164 18
165 18
166 18
167 18
168 18
169 18
170 18
171 18
172 18
173 18
174 18
175 18
176 18
177 18
178 18
179 18
180 18
181 18
182 18
183 18
184 18
185 18
186 18
187 18
188 18
189 18
190 18
191 18
192 18
193 18
194 18
195 18
196 18
197 18
198 20
199 0
200 15
201 8
202 3
203 0
204 0
205 0
206 1
207 2
208 5
209 10
210 100
211 1
212 10
213 5
214 7
215 2
216 0
217 0
218 0
219 0
220 0
221 0
222 0
223 0
224 0
225 0
226 0
227 0
228 0
229 0
230 0
231 0
232 0
233 0
234 0
235 0
236 0
237 0
238 0
239 0
240 0
241 0
242 0
243 0
244 0
245 0
246 0
247 0
248 0
249 0
250 0
251 0
252 0
253 0
254 0
255 0
